# #x_centroid, y_centroid, amplitude, sigma_x, sigma_y, rotation offset
423.953822 285.966162 1058.120658 1.304172 0.738719 0.433340 370.350514
423.954087 291.973213 1737.796698 0.791033 0.717134 -0.785398 365.750201
423.947190 292.963257 1642.643165 0.826648 0.737395 0.785398 363.578057
421.956454 290.970830 1371.853777 1.028352 0.689893 0.332834 361.852306
419.956361 293.961144 1495.498390 0.904317 0.730770 0.531616 361.206450
418.960023 296.961925 1478.015125 0.897900 0.750574 0.369766 360.689130
419.943134 294.963658 1695.759103 0.872144 0.674061 0.417795 360.099706
418.952534 298.966968 1617.476929 0.907068 0.677666 -0.431821 359.808616
416.957198 298.968864 1345.279941 1.103699 0.646143 0.152837 359.547494
415.962457 300.963320 1489.267525 0.920795 0.733807 0.483243 360.150155
414.967135 301.969168 2017.123175 0.763606 0.639919 -0.532206 359.480984
411.952285 299.960491 1488.721439 1.041445 0.658394 0.299481 359.184626
408.957834 307.958731 2197.342157 0.606534 0.720700 0.398274 360.167982
413.943851 307.966786 1266.340121 1.187075 0.659564 0.316930 359.070244
411.954602 308.971395 1283.078536 0.950367 0.812234 0.391047 358.936450
409.960887 311.967183 1910.464400 0.802296 0.640252 -0.454948 359.157567
405.965612 309.966378 1612.057914 0.844591 0.724155 0.647498 358.975175
404.943974 304.960632 1385.581293 1.026000 0.704129 0.233211 359.088679
403.948381 311.971866 1573.688873 0.954858 0.669931 0.192047 358.477519
399.949713 313.958073 1924.547078 0.766736 0.650731 0.142638 359.300268
401.946673 317.967647 1707.661094 0.818314 0.716399 -0.785398 358.739936
398.958668 316.970785 1718.245212 0.802701 0.713639 0.608625 357.765644
399.955463 317.970227 1503.693972 1.078072 0.616858 -0.132204 357.482728
397.945324 319.963816 1419.185479 1.055092 0.668970 0.201942 357.698693
395.946298 321.969035 2109.792295 0.732167 0.630538 0.465942 357.437986
392.951919 316.961874 2016.503730 0.785537 0.619590 0.029029 357.561488
389.953779 318.970409 2246.554656 0.644349 0.678493 -0.304527 356.871372
384.954787 321.956177 1252.815190 1.206100 0.645160 0.242283 357.263744
386.948378 324.976033 1875.533638 0.855136 0.622668 0.166510 356.092477
383.942706 319.971888 1822.698328 0.769341 0.716895 0.456973 356.105145
379.949412 320.958255 2049.506119 0.715762 0.664825 -0.214516 356.559150
375.950005 323.966185 1342.943370 1.107000 0.691234 0.560513 356.004493
372.957723 326.954933 1459.085044 1.007717 0.655613 0.352186 356.644846
374.943760 328.960434 2088.840056 0.758562 0.631064 0.090032 355.924265
370.967122 322.963675 2335.935146 0.699742 0.602408 -0.112228 355.830169
367.946454 326.966390 1837.130365 0.851874 0.642190 0.220166 355.202651
368.951459 327.958062 2270.502066 0.696027 0.610581 -0.785398 355.374830
366.957374 329.955907 1435.320613 1.110462 0.607264 0.222781 355.547652
364.957439 331.975115 1267.265973 1.264192 0.647505 0.214506 353.796298
365.947661 326.959897 2075.494003 0.771921 0.608234 0.042505 355.070216
356.931178 327.957302 2000.889684 0.775073 0.635938 0.101177 355.480821
358.948056 329.952005 2289.837152 0.693977 0.603997 0.114780 354.694873
357.946050 330.970485 1487.399892 1.016804 0.629697 0.266317 354.267001
354.954790 332.959295 1288.884943 1.203190 0.627357 0.285838 354.191814
356.957723 334.962429 1815.152933 0.789179 0.669660 -0.392035 353.752660
353.942981 327.967128 1734.609059 0.799562 0.712916 -0.013534 352.984247
349.953553 333.961095 1590.654522 0.891556 0.679251 0.113226 353.662235
349.951303 335.961499 995.558591 1.515375 0.674116 0.181246 353.114473
347.948700 335.956384 1583.014756 0.937422 0.651560 -0.021917 353.884496
338.957940 336.956671 2024.421911 0.714762 0.654848 -0.090909 353.579859
336.954859 339.952257 1510.948865 0.911964 0.718173 0.218448 353.964680
335.947431 340.960442 1401.776066 1.100143 0.649780 0.159182 353.329863
334.958905 334.956964 1708.898664 0.859314 0.645871 0.212117 353.439773
331.959738 336.956662 1451.890189 1.069931 0.639477 0.123171 353.422863
328.969145 337.969525 1879.058749 0.792061 0.641824 -0.285233 352.586280
328.949170 337.951303 1639.260932 0.953799 0.617583 0.086974 352.802426
326.956207 339.970097 1276.995718 1.127140 0.683340 0.147198 351.607632
323.962064 339.970758 1359.837115 1.032785 0.695936 0.076412 350.994397
321.962181 342.961128 1623.361415 0.878511 0.680291 0.048758 351.404746
313.959661 343.967818 1691.690638 0.814824 0.696448 -0.051678 351.277514
313.946908 336.971403 1887.504660 0.777734 0.661018 -0.143710 351.311751
308.958146 336.964728 1429.797131 0.943378 0.721781 0.112122 351.224511
310.954949 337.963014 1047.562697 1.340450 0.723466 -0.001277 351.145293
309.938622 336.956900 1390.296226 0.988953 0.695131 0.101195 351.607442
305.965223 338.969528 1792.957090 0.758922 0.704238 -0.085252 350.489935
302.943130 343.958531 1780.842605 0.797738 0.689361 0.076896 350.598320
300.965160 344.969613 1299.330929 1.051819 0.705215 -0.014319 349.807467
300.945550 344.961572 991.295473 1.404795 0.728164 0.016337 349.806892
298.957936 345.960412 1620.772450 0.855017 0.699121 -0.466653 350.089912
295.949624 346.963976 1367.698145 0.942491 0.767141 -0.041423 349.755092
294.939579 345.955712 1421.461188 0.934213 0.720236 -0.017484 350.245002
293.942826 346.957822 823.002960 1.590266 0.739888 0.039630 350.340071
280.959647 348.972624 1165.548279 1.180028 0.702611 0.012393 349.803041
279.946996 347.970945 1524.449927 0.893312 0.714708 -0.091373 349.919955
280.945783 340.965715 1468.074500 0.874047 0.772500 0.299531 350.625173
276.953044 339.957056 1215.167036 1.131779 0.707943 0.089315 351.308880
275.941505 339.961158 1342.840163 0.993870 0.719175 -0.069075 351.503594
274.947626 342.970430 1543.211522 0.835838 0.751471 0.026450 351.412920
271.956410 342.964286 1648.928509 0.801830 0.724356 0.785398 351.676906
269.957562 342.968701 1303.952879 0.966850 0.770817 0.089511 351.347682
265.961751 341.967721 926.216329 1.370638 0.777094 -0.097084 351.193053
265.961030 344.960546 1158.400838 1.124107 0.740214 -0.087343 352.471962
264.954301 344.963206 1408.235468 0.895467 0.766862 -0.181577 352.083114
260.942859 342.960481 1334.637629 1.004792 0.707822 0.026038 353.058007
258.952972 342.961542 1404.939720 0.932241 0.727305 -0.013603 352.715459
257.954154 341.959570 1247.726541 1.090679 0.715230 -0.094138 351.983457
255.942972 340.964184 1156.809576 1.067401 0.789127 -0.040205 351.192166
250.953460 342.958364 1427.237524 0.920047 0.730140 -0.086247 351.476159
244.955407 341.954630 1304.962204 1.044867 0.704851 -0.065267 351.651245
243.957588 340.958050 1425.124927 0.943227 0.698596 -0.134045 351.971642
243.951420 339.961865 1025.710152 1.284642 0.749430 0.079206 351.194775
242.948948 345.957070 1291.430784 0.995104 0.724959 -0.022317 352.381338
240.947615 344.959994 1295.493685 0.990638 0.684174 0.035373 353.184230
236.948669 342.956429 1240.424720 1.107846 0.700668 -0.147900 353.232560
235.935796 346.956318 1242.330933 1.093513 0.683191 -0.042426 354.807529
231.953973 345.958943 980.288203 1.496746 0.681130 -0.039786 355.259945
229.966012 344.970597 1390.716475 0.972175 0.722459 -0.054070 356.050059
230.949036 343.959171 1636.171627 0.852660 0.697624 -0.194121 357.096072
226.949130 342.970286 1308.434378 1.048646 0.718018 -0.128288 357.177221
224.967338 341.964653 879.332637 1.579416 0.742114 -0.070697 357.926055
223.952728 339.959732 1446.885144 0.928553 0.713090 0.037674 358.643679
219.961327 338.962290 1472.810670 0.877766 0.754570 -0.197410 358.721803
217.962947 337.964169 1170.240502 1.138617 0.745209 -0.182351 358.990574
208.961423 336.969659 1060.590409 1.155746 0.739259 -0.083537 359.846626
209.965571 336.971329 799.648259 1.626237 0.778124 -0.093507 359.484060
211.946597 335.970185 1463.116196 0.863262 0.780054 -0.027864 360.018287
208.962621 340.968213 1319.063311 0.999124 0.753314 -0.256521 361.232112
204.947166 338.970097 1152.299200 1.109002 0.769320 -0.275918 361.775166
206.959807 335.959832 1154.029945 1.181181 0.710020 -0.008159 362.393396
203.958247 334.969286 1246.199440 1.060899 0.745381 -0.177718 362.883775
199.968581 332.968094 1531.480631 0.835908 0.763745 -0.214722 362.794830
197.963377 330.969773 1165.596263 1.102390 0.731209 -0.145505 363.483651
194.946432 327.960313 1174.149240 1.170351 0.696166 -0.149760 365.254349
195.960767 330.959474 1115.779098 1.256227 0.698180 -0.080388 364.583752
193.965028 336.971297 1532.387396 0.856412 0.725741 -0.261148 364.461975
188.945735 333.958453 1614.359275 0.859885 0.681809 -0.252798 365.746187
188.958406 332.971245 1334.497055 0.948516 0.751849 -0.116012 364.268001
186.950233 330.967308 914.657005 1.445202 0.764863 -0.205208 364.403128
181.957758 327.965825 1148.468540 1.095737 0.776351 -0.404561 364.600912
182.955742 325.968949 1430.566679 0.883876 0.764367 -0.212801 365.397894
180.955257 332.971167 1156.819885 1.143561 0.727723 -0.248681 366.371793
178.952569 328.968473 1349.695525 0.937980 0.760052 -0.519830 366.252054
177.954936 325.968756 1041.336288 1.304453 0.731806 -0.242287 366.446579
173.964091 323.963412 1372.020902 0.930511 0.751648 -0.306894 367.486455
175.952585 319.964885 1247.453625 0.979135 0.744588 -0.050269 368.591973
173.954758 317.970293 1345.074151 0.918880 0.766028 -0.421672 367.178191
171.955478 326.971501 1132.625489 1.078788 0.753292 -0.293551 368.129961
170.951821 323.962816 1268.202623 1.000454 0.741132 -0.271327 368.039229
170.957794 320.967491 1288.363484 0.918032 0.794712 -0.679394 367.847129
168.953484 316.964914 1450.324247 0.845966 0.762729 -0.370729 366.441258
165.946638 314.966621 1219.666630 0.971854 0.786569 -0.480014 367.218375
163.957337 318.971592 683.433166 1.779628 0.799182 -0.202799 367.457528
165.952292 315.969643 1243.871338 0.914036 0.835272 0.715751 367.249867
162.965370 314.965628 1249.012131 0.916966 0.806097 -0.449486 368.546531
158.955714 311.969277 1292.536699 0.910022 0.787152 -0.336920 368.274235
157.949510 315.965658 1083.576026 0.807438 1.025170 0.785398 369.708998
158.952493 312.964293 907.580010 1.359543 0.771602 -0.227955 370.172669
155.971552 310.973347 1416.533896 0.794110 0.804182 0.345310 370.181281
151.958231 306.964471 1324.729659 0.900609 0.751039 -0.594593 371.168588
151.949967 303.964809 1231.771554 0.931565 0.783167 -0.383071 371.190963
153.970145 307.971431 1322.663203 0.907267 0.746600 0.018807 371.162240
150.971297 304.970501 1204.908226 0.909318 0.826972 -0.325052 370.996895
